0.000
0.0016675139
0.003335031
0.0050025545
0.0066700877
0.008337634
0.0100051964
0.0116727783
0.0133403828
0.0150080132
0.0166756728
0.0183433648
0.0200110924
0.0216788588
0.0233466674
0.0250145212
0.0266824236
0.0283503779
0.0300183871
0.0316864546
0.0333545836
0.0350227773
0.0366910389
0.0383593718
0.040027779
0.0416962638
0.0433648295
0.0450334792
0.0467022163
0.0483710439
0.0500399652
0.0517089835
0.0533781019
0.0550473237
0.0567166522
0.0583860904
0.0600556416
0.0617253091
0.063395096
0.0650650056
0.066735041
0.0684052054
0.0700755021
0.0717459342
0.0734165049
0.0750872175
0.0767580751
0.0784290809
0.0801002381
0.0817715499
0.0834430194
0.0851146499
0.0867864445
0.0884584064
0.0901305387
0.0918028447
0.0934753275
0.0951479903
0.0968208362
0.0984938684
0.1001670901
0.1018405043
0.1035141143
0.1051879233
0.1068619342
0.1085361504
0.1102105749
0.1118852109
0.1135600615
0.1152351298
0.1169104191
0.1185859323
0.1202616726
0.1219376431
0.123613847
0.1252902874
0.1269669674
0.12864389
0.1303210584
0.1319984758
0.133676145
0.1353540694
0.1370322519
0.1387106957
0.1403894038
0.1420683793
0.1437476254
0.1454271449
0.1471069411
0.148787017
0.1504673756
0.1521480201
0.1538289534
0.1555101786
0.1571916988
0.158873517
0.1605556362
0.1622380595
0.1639207899
0.1656038304
0.1672871841
0.1689708539
0.1706548429
0.1723391541
0.1740237905
0.1757087552
0.177394051
0.179079681
0.1807656482
0.1824519555
0.1841386061
0.1858256027
0.1875129485
0.1892006463
0.1908886991
0.19257711
0.1942658818
0.1959550175
0.1976445201
0.1993343924
0.2010246375
0.2027152583
0.2044062576
0.2060976385
0.2077894038
0.2094815565
0.2111740994
0.2128670355
0.2145603677
0.2162540989
0.217948232
0.2196427698
0.2213377152
0.2230330712
0.2247288406
0.2264250263
0.2281216311
0.2298186579
0.2315161096
0.2332139889
0.2349122989
0.2366110422
0.2383102218
0.2400098404
0.2417099009
0.2434104062
0.245111359
0.2468127622
0.2485146185
0.2502169308
0.2519197019
0.2536229345
0.2553266315
0.2570307956
0.2587354297
0.2604405364
0.2621461186
0.2638521791
0.2655587205
0.2672657457
0.2689732574
0.2706812584
0.2723897513
0.274098739
0.2758082241
0.2775182094
0.2792286976
0.2809396914
0.2826511936
0.2843632068
0.2860757337
0.2877887771
0.2895023396
0.2912164239
0.2929310327
0.2946461687
0.2963618346
0.2980780329
0.2997947664
0.3015120378
0.3032298496
0.3049482045
0.3066671052
0.3083865543
0.3101065545
0.3118271082
0.3135482183
0.3152698873
0.3169921177
0.3187149123
0.3204382736
0.3221622041
0.3238867066
0.3256117835
0.3273374375
0.3290636711
0.3307904869
0.3325178874
0.3342458753
0.335974453
0.3377036231
0.3394333882
0.3411637508
0.3428947134
0.3446262785
0.3463584488
0.3480912266
0.3498246145
0.3515586149
0.3532932305
0.3550284637
0.356764317
0.3585007928
0.3602378937
0.361975622
0.3637139804
0.3654529712
0.3671925969
0.3689328599
0.3706737628
0.3724153078
0.3741574976
0.3759003344
0.3776438207
0.379387959
0.3811327516
0.382878201
0.3846243095
0.3863710796
0.3881185136
0.389866614
0.391615383
0.3933648231
0.3951149367
0.396865726
0.3986171935
0.4003693415
0.4021221724
0.4038756884
0.405629892
0.4073847854
0.4091403709
0.410896651
0.4126536278
0.4144113038
0.4161696811
0.4179287621
0.4196885491
0.4214490444
0.4232102501
0.4249721687
0.4267348023
0.4284981532
0.4302622237
0.4320270159
0.4337925322
0.4355587748
0.4373257459
0.4390934477
0.4408618824
0.4426310523
0.4444009595
0.4461716063
0.4479429947
0.4497151271
0.4514880055
0.4532616322
0.4550360093
0.456811139
0.4585870234
0.4603636647
0.462141065
0.4639192264
0.4656981511
0.4674778411
0.4692582986
0.4710395258
0.4728215246
0.4746042972
0.4763878457
0.4781721722
0.4799572787
0.4817431672
0.4835298399
0.4853172989
0.487105546
0.4888945835
0.4906844133
0.4924750374
0.4942664579
0.4960586768
0.497851696
0.4996455177
0.5014401437
0.503235576
0.5050318167
0.5068288677
0.5086267309
0.5104254084
0.512224902
0.5140252138
0.5158263456
0.5176282993
0.519431077
0.5212346804
0.5230391116
0.5248443723
0.5266504646
0.5284573902
0.5302651511
0.5320737492
0.5338831862
0.535693464
0.5375045845
0.5393165496
0.541129361
0.5429430206
0.5447575302
0.5465728915
0.5483891065
0.5502061769
0.5520241045
0.553842891
0.5556625382
0.5574830479
0.5593044219
0.5611266618
0.5629497695
0.5647737467
0.566598595
0.5684243162
0.570250912
0.5720783841
0.5739067341
0.5757359639
0.577566075
0.5793970691
0.5812289479
0.583061713
0.584895366
0.5867299086
0.5885653425
0.5904016692
0.5922388903
0.5940770074
0.5959160222
0.5977559362
0.599596751
0.6014384682
0.6032810893
0.6051246158
0.6069690493
0.6088143914
0.6106606435
0.6125078072
0.614355884
0.6162048754
0.6180547828
0.6199056078
0.6217573518
0.6236100163
0.6254636028
0.6273181126
0.6291735473
0.6310299082
0.6328871968
0.6347454145
0.6366045627
0.6384646427
0.640325656
0.642187604
0.644050488
0.6459143093
0.6477790694
0.6496447695
0.651511411
0.6533789952
0.6552475234
0.657116997
0.6589874172
0.6608587853
0.6627311026
0.6646043703
0.6664785898
0.6683537622
0.6702298889
0.672106971
0.6739850097
0.6758640063
0.677743962
0.679624878
0.6815067555
0.6833895956
0.6852733995
0.6871581684
0.6890439034
0.6909306057
0.6928182763
0.6947069165
0.6965965273
0.6984871099
0.7003786653
0.7022711946
0.704164699
0.7060591793
0.7079546369
0.7098510726
0.7117484875
0.7136468826
0.7155462591
0.7174466178
0.7193479598
0.7212502861
0.7231535977
0.7250578955
0.7269631806
0.7288694538
0.7307767161
0.7326849686
0.734594212
0.7365044473
0.7384156755
0.7403278974
0.742241114
0.7441553261
0.7460705346
0.7479867404
0.7499039443
0.7518221471
0.7537413498
0.7556615532
0.757582758
0.7595049652
0.7614281754
0.7633523896
0.7652776084
0.7672038327
0.7691310632
0.7710593007
0.772988546
0.7749187998
0.7768500628
0.7787823358
0.7807156194
0.7826499145
0.7845852216
0.7865215415
0.7884588749
0.7903972224
0.7923365847
0.7942769625
0.7962183564
0.798160767
0.800104195
0.802048641
0.8039941057
0.8059405896
0.8078880933
0.8098366174
0.8117861625
0.8137367292
0.815688318
0.8176409295
0.8195945642
0.8215492227
0.8235049056
0.8254616132
0.8274193462
0.8293781051
0.8313378903
0.8332987024
0.8352605417
0.8372234089
0.8391873044
0.8411522285
0.8431181819
0.8450851649
0.8470531779
0.8490222214
0.8509922958
0.8529634015
0.8549355389
0.8569087084
0.8588829104
0.8608581453
0.8628344134
0.8648117151
0.8667900508
0.8687694208
0.8707498255
0.8727312651
0.8747137401
0.8766972506
0.8786817972
0.8806673799
0.8826539992
0.8846416553
0.8866303486
0.8886200792
0.8906108474
0.8926026536
0.8945954979
0.8965893806
0.8985843019
0.9005802621
0.9025772614
0.9045752999
0.906574378
0.9085744957
0.9105756533
0.912577851
0.914581089
0.9165853674
0.9185906863
0.920597046
0.9226044465
0.9246128881
0.9266223708
0.9286328948
0.9306444602
0.9326570671
0.9346707157
0.9366854059
0.9387011379
0.9407179118
0.9427357277
0.9447545855
0.9467744855
0.9487954276
0.9508174118
0.9528404383
0.954864507
0.956889618
0.9589157713
0.9609429669
0.9629712047
0.9650004849
0.9670308073
0.9690621719
0.9710945788
0.9731280279
0.9751625191
0.9771980524
0.9792346278
0.9812722451
0.9833109043
0.9853506053
0.987391348
0.9894331324
0.9914759582
0.9935198255
0.995564734
0.9976106837
0.9996576744
1.0017057059
1.0037547782
1.005804891
1.0078560442
1.0099082376
1.011961471
1.0140157442
1.0160710571
1.0181274093
1.0201848008
1.0222432312
1.0243027003
1.0263632078
1.0284247536
1.0304873373
1.0325509587
1.0346156175
1.0366813134
1.038748046
1.0408158152
1.0428846205
1.0449544616
1.0470253382
1.04909725
1.0511701965
1.0532441775
1.0553191924
1.057395241
1.0594723229
1.0615504375
1.0636295846
1.0657097636
1.0677909742
1.0698732158
1.071956488
1.0740407903
1.0761261223
1.0782124834
1.0802998731
1.0823882909
1.0844777363
1.0865682086
1.0886597075
1.0907522322
1.0928457821
1.0949403568
1.0970359556
1.0991325778
1.1012302228
1.1033288899
1.1054285786
1.1075292881
1.1096310177
1.1117337667
1.1138375344
1.11594232
1.1180481229
1.1201549421
1.1222627771
1.1243716268
1.1264814906
1.1285923676
1.130704257
1.1328171579
1.1349310693
1.1370459905
1.1391619205
1.1412788584
1.1433968032
1.1455157539
1.1476357097
1.1497566694
1.151878632
1.1540015966
1.156125562
1.1582505271
1.160376491
1.1625034524
1.1646314102
1.1667603632
1.1688903104
1.1710212504
1.173153182
1.175286104
1.1774200152
1.1795549143
1.1816907998
1.1838276706
1.1859655252
1.1881043622
1.1902441803
1.192384978
1.1945267539
1.1966695064
1.1988132342
1.2009579355
1.203103609
1.205250253
1.2073978658
1.2095464459
1.2116959917
1.2138465012
1.215997973
1.2181504052
1.220303796
1.2224581437
1.2246134464
1.2267697021
1.2289269092
1.2310850655
1.2332441691
1.2354042181
1.2375652103
1.2397271439
1.2418900166
1.2440538263
1.2462185709
1.2483842481
1.2505508558
1.2527183917
1.2548868535
1.2570562388
1.2592265453
1.2613977705
1.263569912
1.2657429674
1.267916934
1.2700918094
1.2722675908
1.2744442758
1.2766218615
1.2788003453
1.2809797244
1.2831599959
1.2853411571
1.287523205
1.2897061367
1.2918899491
1.2940746394
1.2962602043
1.2984466408
1.3006339457
1.3028221158
1.3050111478
1.3072010384
1.3093917843
1.311583382
1.3137758281
1.3159691191
1.3181632513
1.3203582213
1.3225540253
1.3247506597
1.3269481205
1.3291464041
1.3313455066
1.3335454239
1.3357461522
1.3379476873
1.3401500252
1.3423531618
1.3445570927
1.3467618137
1.3489673205
1.3511736087
1.3533806738
1.3555885113
1.3577971166
1.3600064851
1.3622166121
1.3644274927
1.3666391222
1.3688514956
1.3710646081
1.3732784545
1.3754930297
1.3777083286
1.379924346
1.3821410765
1.3843585147
1.3865766552
1.3887954926
1.3910150211
1.3932352351
1.3954561289
1.3976776967
1.3998999326
1.4021228306
1.4043463847
1.4065705888
1.4087954366
1.411020922
1.4132470384
1.4154737796
1.417701139
1.4199291101
1.422157686
1.4243868601
1.4266166256
1.4288469755
1.4310779027
1.4333094003
1.435541461
1.4377740776
1.4400072426
1.4422409487
1.4444751884
1.4467099539
1.4489452376
1.4511810317
1.4534173282
1.4556541193
1.4578913967
1.4601291524
1.462367378
1.4646060652
1.4668452056
1.4690847905
1.4713248112
1.4735652592
1.4758061254
1.4780474009
1.4802890767
1.4825311437
1.4847735925
1.4870164137
1.489259598
1.4915031358
1.4937470173
1.4959912328
1.4982357725
1.5004806262
1.502725784
1.5049712356
1.5072169707
1.5094629789
1.5117092496
1.5139557722
1.5162025359
1.5184495299
1.5206967431
1.5229441646
1.525191783
1.527439587
1.5296875653
1.5319357062
1.5341839982
1.5364369941
1.538690213
1.5409436437
1.5431972751
1.5454510958
1.5477050942
1.5499592586
1.552213577
1.5544680374
1.5567226274
1.5589773346
1.5612321464
1.5634870498
1.5657420319
1.5679970793
1.5702521787
1.5725073164
1.5747624785
1.5770176512
1.5792728201
1.5815279707
1.5837830886
1.5860381587
1.5882931662
1.5905480957
1.5928029317
1.5950576587
1.5973122607
1.5995667216
1.6018210252
1.6040751548
1.6063290939
1.6085828254
1.6108363322
1.6130895969
1.6153426019
1.6175953294
1.6198477614
1.6220998796
1.6243516656
1.6266031007
1.628854166
1.6311048424
1.6333551105
1.6356049508
1.6378543434
1.6401032685
1.6423517058
1.6445996348
1.646847035
1.6490938854
1.651340165
1.6535858524
1.6558309262
1.6580753646
1.6603191457
1.6625622474
1.6648046472
1.6670463226
1.6692872509
1.671527409
1.6737667737
1.6760053217
1.6782430294
1.6804798729
1.6827158282
1.6849508712
1.6871849775
1.6894181226
1.6916502816
1.6938814296
1.6961115414
1.6983405919
1.7005685553
1.7027954062
1.7050211186
1.7072456666
1.7094690239
1.7116911643
1.7139120613
1.7161316882
1.7183500182
1.7205670243
1.7227826796
1.7249969567
1.7272098284
1.7294212671
1.7316312452
1.7338397351
1.7360467088
1.7382521384
1.740455996
1.7426582532
1.7448588819
1.7470578537
1.7492551402
1.7514507129
1.7536445433
1.7558366137
1.7580269141
1.7602049441
1.7623814241
1.7645563641
1.7667297641
1.7689029683
1.7710726599
1.7732404511
1.7754063175
1.7775702342
1.7797321766
1.7818921198
1.7840500389
1.7862059091
1.7883597052
1.7905114024
1.7926609753
1.794808399
1.7969536482
1.7990966975
1.8012375218
1.8033760955
1.8055123933
1.8076463898
1.8097780593
1.8119074593
1.8140344593
1.8161588504
1.8182809561
1.8204007561
1.8225205561
1.8246324388
1.8267445688
1.8288541688
1.8309611271
1.8330707254
1.8351829637
1.8372663208
1.8393627095
1.8414563835
1.8435473166
1.8456354826
1.8477208553
1.8498034085
1.851883116
1.8539599514
1.8560338884
1.8581049007
1.8601729619
1.8622380455
1.8643001253
1.8663591746
1.8684151671
1.8704680763
1.8725178756
1.8745645385
1.8766080385
1.8786483489
1.8806854431
1.8827192945
1.8847498765
1.8867771623
1.8888011254
1.8908217389
1.8928389762
1.8948528104
1.8968632149
1.8988701627
1.9008736272
1.9028735814
1.9048699984
1.9068628515
1.9088521136
1.910837758
1.9128197575
1.9147980853

